1.48 18
1.7 18
1.75 18
1.81 18
2.78 4
3.07 8
3.12 12
3.24 8
3.25 2
3.27 20
3.43 14
3.8 4
3.81 8
3.85 4
3.87 8
4.06 4
4.11 14
4.12 4
4.14 8
4.17 12
4.2 20
4.26 12
4.3 14
4.42 2
4.82 12
4.91 8
4.98 14
5.01 12
5.03 2
5.08 8
5.09 8
5.16 12
5.34 2
5.39 6
5.45 2
5.47 8
5.52 12
5.58 4
5.62 14
5.63 8
5.65 2
5.67 2
5.74 24
5.79 14
5.8 8
5.82 2
5.83 12
5.84 4
5.86 2
5.87 2
5.92 8
5.94 12
6.04 8
6.05 4
6.15 12
6.17 12
6.26 2
6.33 4
6.37 2
6.39 2
6.42 8
6.5 10
6.51 8
6.55 18
6.56 8
6.57 2
6.62 8
6.66 4
6.68 2
6.71 8
6.84 2
6.87 4
6.89 2
6.93 2
6.94 8
7.01 2
7.06 2
7.11 10
7.12 2
7.17 8
7.21 2
7.31 2
7.4 2
7.41 2
7.56 2
7.58 4
7.59 14
7.62 8
7.65 6
7.71 4
7.73 8
7.76 2
7.78 2
7.79 2
7.81 2
7.82 8
7.84 12
7.89 10
7.92 2
7.93 2
7.97 2
7.99 2
8.02 6
8.05 2
8.09 4
8.1 2
8.12 12
8.13 12
8.14 2
8.19 8
8.22 8
8.25 2
8.27 4
8.29 2
8.32 16
8.36 4
8.4 2
8.41 4
8.43 4
8.46 2
8.67 2
8.69 2
8.7 8
8.71 8
8.81 2
8.83 2
8.87 2
8.92 8
8.93 2
8.96 4
8.98 2
9.05 2
9.11 2
9.17 8
9.19 2
9.21 8
9.24 4
9.25 2
9.26 2
9.28 2
9.3 2
9.34 2
9.35 2
9.36 2
9.37 2
9.39 8
9.42 2
9.43 2
9.49 2
9.5 8
9.52 6
9.58 2
9.64 2
9.66 2
9.67 2
9.69 2
9.83 6
9.85 4
9.86 2
9.9 4
9.91 4
9.92 2
9.93 2
9.95 6
9.97 6
10.0 2
10.04 2
10.05 4
10.09 2
10.11 6
10.16 4
10.18 2
10.19 2
10.21 12
10.26 6
10.27 2
10.3 4
10.32 2
10.34 2
10.38 2
10.4 4
10.41 2
10.44 2
10.47 2
10.49 2
10.51 2
10.53 2
10.58 2
10.7 2
10.71 4
10.77 2
10.79 2
10.81 2
10.85 2
10.89 2
10.91 2
10.95 4
10.98 2
11.03 2
11.04 2
11.11 6
11.12 2
11.14 2
11.19 2
11.22 4
11.29 2
11.32 2
11.33 4
11.51 6
11.52 2
11.54 2
11.58 2
11.62 2
11.73 2
11.74 2
11.78 2
11.81 4
11.87 2
11.94 2
11.99 2
12.12 2
12.14 2
12.16 2
12.18 2
12.2 2
12.23 6
12.26 2
12.27 2
12.31 2
12.38 2
12.41 2
12.42 2
12.44 2
12.49 2
12.53 2
12.6 2
12.66 2
12.69 2
12.75 4
12.77 2
12.81 4
12.84 2
12.86 2
12.96 2
13.09 2
13.18 2
13.22 4
13.24 2
13.27 2
13.33 2
13.38 2
13.4 4
13.52 2
13.59 2
13.63 2
13.69 2
13.7 2
13.75 2
13.77 2
13.88 2
13.91 2
14.06 2
14.3 2
14.38 2
14.41 2
14.43 2
14.73 2
14.81 2
14.97 2
15.06 2
15.11 2
15.43 2
15.47 2
15.61 2
15.63 2
15.79 2
15.93 2
16.01 2
16.07 2
16.23 2
16.45 2
16.94 2
17.0 2
17.02 2
18.1 2
18.82 2
19.42 2
