0.005 0
0.015 0
0.025 0
0.035 0
0.045 0
0.055 0
0.065 0
0.075 0
0.085 0
0.095 0
0.105 0
0.115 0
0.125 0
0.135 0
0.145 0
0.155 0
0.165 0
0.175 0
0.185 0
0.195 0
0.205 0
0.215 0
0.225 0
0.235 0
0.245 0
0.255 0
0.265 0
0.275 0
0.285 0
0.295 0
0.305 0
0.315 0
0.325 0
0.335 0
0.345 0
0.355 0
0.365 0
0.375 0
0.385 0
0.395 0
0.405 0
0.415 0
0.425 0
0.435 0
0.445 0
0.455 0
0.465 0
0.475 0
0.485 0
0.495 0
0.505 0
0.515 0
0.525 0
0.535 0
0.545 0
0.555 0
0.565 0
0.575 0
0.585 0
0.595 0
0.605 0
0.615 0
0.625 0
0.635 0
0.645 0
0.655 0
0.665 0
0.675 0
0.685 0
0.695 0
0.705 0
0.715 0
0.725 0
0.735 0
0.745 0
0.755 0
0.765 0
0.775 0
0.785 0
0.795 0
0.805 0
0.815 0
0.825 0
0.835 0
0.845 0
0.855 0
0.865 0
0.875 0
0.885 0
0.895 0
0.905 0
0.915 0
0.925 0
0.935 0
0.945 0
0.955 0
0.965 0
0.975 0
0.985 0
0.995 0
1.005 0
1.015 0
1.025 0
1.035 0
1.045 0
1.055 0
1.065 0
1.075 0
1.085 0
1.095 0
1.105 0
1.115 0
1.125 0
1.135 0
1.145 0
1.155 0
1.165 0
1.175 0
1.185 0
1.195 0
1.205 0
1.215 0
1.225 0
1.235 0
1.245 0
1.255 0
1.265 0
1.275 0
1.285 0
1.295 0
1.305 0
1.315 0
1.325 0
1.335 0
1.345 0
1.355 0
1.365 0
1.375 0
1.385 0
1.395 0
1.405 0
1.415 0
1.425 0
1.435 0
1.445 0
1.455 0
1.465 0
1.475 0
1.485 0
1.495 0
1.505 0
1.515 0
1.525 0
1.535 0
1.545 0
1.555 0
1.565 0
1.575 0
1.585 0
1.595 0
1.605 0
1.615 0
1.625 0
1.635 0
1.645 0
1.655 0
1.665 0
1.675 0
1.685 0
1.695 0
1.705 0
1.715 0
1.725 0
1.735 0
1.745 0
1.755 0
1.765 0
1.775 0
1.785 0
1.795 0
1.805 0
1.815 0
1.825 0
1.835 0
1.845 0
1.855 0
1.865 0
1.875 0
1.885 0
1.895 0
1.905 0
1.915 0
1.925 0
1.935 0
1.945 0
1.955 0
1.965 0
1.975 0
1.985 0
1.995 0
2.005 0
2.015 0
2.025 0
2.035 0
2.045 0
2.055 0
2.065 0
2.075 0
2.085 0
2.095 0
2.105 0
2.115 0
2.125 0
2.135 0
2.145 0
2.155 0
2.165 0
2.175 0
2.185 0
2.195 0
2.205 0
2.215 0
2.225 0
2.235 0
2.245 0
2.255 0
2.265 0
2.275 0
2.285 0
2.295 0
2.305 0
2.315 0
2.325 0
2.335 0
2.345 0
2.355 0
2.365 0
2.375 0
2.385 0
2.395 0
2.405 0
2.415 0
2.425 0
2.435 0
2.445 0
2.455 0
2.465 0
2.475 0
2.485 0
2.495 0
2.505 0
2.515 0
2.525 0
2.535 0
2.545 0
2.555 0
2.565 0
2.57043341558 16
2.58436692828 36
2.595 0
2.605 0
2.61765631967 8
2.625 0
2.6308890652 24
2.6456441987 24
2.655 0
2.665 0
2.675 0
2.685 0
2.69355610968 36
2.70839600272 16
2.715 0
2.72059642006 36
2.73361530239 16
2.74248304725 32
2.75850461498 24
2.76307144105 4
2.775 0
2.78251310776 44
2.795 0
2.80010093746 4
2.815 0
2.82679606041 36
2.83143346392 36
2.84895816035 4
2.85030216727 36
2.86322152253 8
2.875 0
2.885 0
2.895 0
2.905 0
2.915 0
2.925 0
2.935 0
2.945 0
2.955 0
2.965 0
2.975 0
2.985 0
2.995 0
3.005 0
3.015 0
3.025 0
3.035 0
3.045 0
3.055 0
3.065 0
3.075 0
3.085 0
3.095 0
3.105 0
3.115 0
3.125 0
3.135 0
3.145 0
3.155 0
3.165 0
3.175 0
3.185 0
3.19868854267 16
3.205 0
3.215 0
3.225 0
3.235 0
3.245 0
3.255 0
3.265 0
3.275 0
3.285 0
3.295 0
3.305 0
3.315 0
3.325 0
3.335 0
3.345 0
3.355 0
3.365 0
3.375 0
3.385 0
3.395 0
3.405 0
3.41705889707 14
3.425 0
3.435 0
3.445 0
3.455 0
3.465 0
3.475 0
3.485 0
3.495 0
3.505 0
3.515 0
3.525 0
3.535 0
3.545 0
3.555 0
3.565 0
3.575 0
3.585 0
3.595 0
3.605 0
3.615 0
3.625 0
3.635 0
3.645 0
3.655 0
3.665 0
3.675 0
3.685 0
3.69396418524 4
3.705 0
3.715 0
3.72344246039 24
3.735 0
3.745 0
3.755 0
3.765 0
3.775 0
3.785 0
3.795 0
3.80592174025 8
3.815 0
3.825 0
3.835 0
3.845 0
3.85438978658 8
3.865 0
3.875 0
3.885 0
3.895 0
3.90634465455 40
3.915 0
3.925 0
3.93315198958 16
3.945 0
3.955 0
3.96030143365 16
3.975 0
3.985 0
3.995 0
4.005 0
4.015 0
4.025 0
4.035 0
4.045 0
4.055 0
4.065 0
4.075 0
4.08458016182 16
4.095 0
4.105 0
4.11069751537 28
4.125 0
4.13606488482 24
4.145 0
4.155 0
4.165 0
4.175 0
4.185 0
4.195 0
4.205 0
4.215 0
4.225 0
4.235 0
4.245 0
4.255 0
4.265 0
4.275 0
4.285 0
4.295 0
4.305 0
4.315 0
4.325 0
4.335 0
4.34617410325 24
4.355 0
4.365 0
4.375 0
4.385 0
4.39675418264 8
4.40767395309 4
4.415 0
4.425 0
4.435 0
4.44772980478 14
4.45231329314 24
4.465 0
4.475 0
4.485 0
4.495 0
4.505 0
4.515 0
4.525 0
4.535 0
4.5498796761 16
4.555 0
4.565 0
4.575 0
4.58595879803 8
4.59317309374 28
4.605 0
4.615 0
4.625 0
4.63835422865 4
4.645 0
4.655 0
4.6629237883 20
4.67455111087 24
4.685 0
4.69548411376 4
4.705 0
4.7161150557 4
4.72188843533 4
4.735 0
4.74935762402 24
4.755 0
4.765 0
4.77215084531 40
4.78553378416 12
4.79115197779 16
4.80364325384 28
4.81075720126 8
4.8212206212 24
4.835 0
4.845 0
4.855 0
4.86588188426 64
4.87489771028 28
4.885 0
4.89955305118 2
4.905 0
4.915 0
4.92698151215 16
4.935 0
4.945 0
4.95543578121 4
4.96625344129 32
4.97951224388 4
4.985 0
4.995 0
5.005 0
5.01535204987 28
5.02423608202 16
5.035 0
5.04019246679 16
5.055 0
5.06343062373 24
5.075 0
5.085 0
5.095 0
5.105 0
5.115 0
5.125 0
5.13107871665 24
5.14479928545 20
5.155 0
5.1684503099 16
5.175 0
5.185 0
5.19111995178 16
5.20201661873 8
5.215 0
5.22044722106 24
5.23363240263 16
5.245 0
5.255 0
5.2622892937 16
5.27385532133 40
5.28470563604 4
5.295 0
5.305 0
5.31747057935 8
5.325 0
5.335 0
5.345 0
5.35400918251 4
5.365 0
5.375 0
5.38921497049 8
5.39825225144 8
5.405 0
5.41234780468 24
5.4281744321 4
5.435 0
5.445 0
5.455 0
5.46373320028 4
5.475 0
5.485 0
5.495 0
5.50763879614 8
5.515 0
5.525 0
5.53642760964 28
5.545 0
5.555 0
5.56615347744 4
5.575 0
5.5885130992 24
5.595 0
5.60552210979 20
5.615 0
5.625 0
5.635 0
5.645 0
5.655 0
5.665 0
5.675 0
5.68880031453 16
5.695 0
5.705 0
5.715 0
5.725 0
5.735 0
5.745 0
5.755 0
5.765 0
5.775 0
5.785 0
5.79149587766 4
5.805 0
5.815 0
5.825 0
5.835 0
5.845 0
5.855 0
5.8633495552 2
5.875 0
5.885 0
5.895 0
5.905 0
5.915 0
5.925 0
5.935 0
5.94427286463 4
5.955 0
5.965 0
5.97624061128 12
5.985 0
5.995 0
