2.73 12
2.78 4
2.79 2
2.84 14
2.93 12
2.94 18
3.05 18
3.06 12
3.71 8
3.89 14
3.95 4
4.26 8
5.25 8
5.26 12
5.33 12
5.34 2
5.39 2
5.44 12
5.46 2
5.48 2
5.49 12
5.55 20
5.57 8
5.63 2
5.9 2
5.91 8
6.0 4
6.15 2
6.32 8
6.45 2
6.46 8
6.49 8
6.57 2
6.63 2
6.67 2
6.68 2
6.73 4
6.75 8
6.83 4
6.87 2
6.92 8
7.18 20
7.21 8
7.22 2
7.24 14
7.25 4
7.26 2
7.28 4
7.5 2
7.53 6
7.56 8
7.58 6
7.62 2
7.64 2
7.67 8
7.76 2
7.84 8
7.85 8
7.9 2
7.93 8
7.94 4
7.99 2
8.08 2
8.15 2
8.21 2
8.54 2
8.58 2
8.64 2
8.67 2
8.73 2
8.74 2
8.79 2
8.81 2
8.86 8
8.93 2
8.94 8
8.98 2
9.13 2
9.14 4
9.24 2
9.28 2
9.29 2
9.46 2
9.6 2
9.63 2
9.67 2
9.68 2
9.7 2
9.77 2
9.88 2
9.99 2
10.04 4
10.08 8
10.11 2
10.15 2
10.23 4
10.25 6
10.27 2
10.5 6
10.51 2
10.52 2
10.54 2
10.55 4
10.56 2
10.57 4
10.6 2
10.61 2
10.66 2
10.68 2
10.74 2
10.77 2
10.84 2
10.86 2
10.96 2
11.03 2
11.05 4
11.21 2
11.27 2
11.38 2
11.66 2
11.73 2
11.82 2
11.91 2
11.92 2
12.03 2
12.17 2
12.2 2
12.3 2
12.44 2
12.74 2
12.75 2
12.8 2
12.85 2
13.01 4
13.02 2
13.04 2
13.19 2
13.21 2
13.24 2
13.25 2
13.37 2
13.43 2
13.85 2
14.03 2
14.05 2
14.48 2
14.5 2
14.58 2
14.76 2
14.79 2
15.16 2
15.39 2
15.4 2
16.47 2
16.53 2
17.59 2
18.37 2
