2.82 24
2.83 36
2.85 16
2.93 4
3.83 28
4.02 16
4.05 14
4.07 20
4.35 24
4.4 8
4.46 24
4.51 4
4.77 24
4.86 4
4.91 24
5.0 4
5.17 24
5.19 12
5.29 8
5.3 24
5.31 8
5.39 14
5.42 16
5.45 8
5.55 16
5.67 16
5.72 2
5.87 4
6.09 16
6.27 4
6.31 4
6.37 16
6.54 24
6.61 16
6.64 4
6.66 4
6.74 4
6.77 8
6.84 16
6.85 16
7.07 4
7.16 4
7.2 16
7.29 4
7.33 4
7.41 24
7.49 8
7.64 16
7.67 4
7.69 2
7.82 32
7.83 48
7.85 4
8.02 4
8.03 4
8.05 4
8.1 4
8.18 4
8.34 16
8.38 4
8.55 4
8.59 4
8.62 16
8.65 12
8.67 4
8.68 4
8.69 4
8.71 4
8.77 4
8.79 8
8.8 4
8.84 12
8.87 4
8.9 4
9.1 16
9.12 2
9.2 16
9.26 8
9.33 16
9.37 12
9.45 12
9.52 4
9.65 8
9.67 2
9.73 4
9.76 4
9.81 4
9.87 4
10.18 4
10.21 2
10.22 4
10.3 4
10.38 4
10.39 8
10.42 2
10.43 4
10.46 8
10.47 8
10.48 4
10.49 4
10.52 4
10.53 4
10.58 4
10.64 2
10.66 4
10.69 2
10.72 4
10.87 4
10.91 4
10.99 4
11.08 4
11.12 8
11.25 4
11.35 4
11.49 12
11.57 4
11.58 4
11.63 4
11.65 4
11.67 4
11.71 4
11.8 4
11.91 4
11.99 4
12.0 2
12.01 4
12.1 4
12.24 4
12.25 4
12.39 4
12.55 4
12.59 4
12.63 2
12.66 2
12.71 4
12.83 4
12.97 2
13.02 2
13.05 4
13.08 4
13.2 4
13.29 4
13.32 4
13.56 4
13.64 4
13.8 4
13.92 4
14.07 4
14.72 4
14.73 4
14.78 4
14.87 4
15.29 4
15.41 4
15.61 2
15.67 8
17.0 4
17.5 2
18.08 4
19.08 2
