0.05 0
0.15 0
0.25 0
0.35 0
0.45 0
0.55 0
0.65 0
0.75 0
0.85 0
0.95 0
1.05 0
1.15 0
1.25 0
1.35 0
1.45 0
1.55 0
1.65 0
1.7735805705 8
1.86389058025 58
1.94671569022 100
2.04301949782 136
2.14340122936 108
2.25175643117 112
2.342487715 58
2.44724959873 78
2.54859433142 70
2.6540218778 84
2.74661464716 52
2.84940508917 44
2.95380696187 72
3.03551886505 54
3.15129892422 60
3.25486335524 50
3.35427023385 78
3.44310902558 74
3.5469810199 98
3.64529591109 142
3.74663840233 160
3.84783518217 160
3.95152515873 160
4.05385311713 144
4.14801639271 154
4.24822471876 138
4.34797437297 158
4.45093445659 118
4.54546174073 130
4.65423694921 142
4.74577808234 114
4.85267935122 108
4.95172286032 144
5.04755574682 120
5.14507073221 182
5.25535790772 142
5.34761847502 124
5.44887390482 146
5.55144776651 134
5.64988843104 204
5.74756988461 212
5.84894884316 206
5.95026990147 170
