1.6 12
1.61 30
1.63 2
1.69 18
1.71 18
1.72 12
2.94 8
3.15 2
3.16 12
3.21 18
3.23 4
3.25 16
3.28 30
3.31 18
3.32 14
3.34 14
3.4 4
3.49 8
3.66 18
3.78 8
3.84 20
3.89 18
3.91 14
3.92 20
3.96 28
4.01 2
4.02 14
4.04 26
4.06 14
4.11 12
4.19 8
4.21 34
4.22 14
4.27 14
4.33 2
4.4 18
4.44 4
4.61 24
4.81 24
4.97 2
5.0 12
5.02 4
5.04 2
5.05 8
5.07 2
5.12 2
5.13 2
5.2 4
5.27 4
5.31 2
5.33 20
5.36 8
5.37 16
5.42 2
5.49 8
5.51 2
5.53 2
5.55 4
5.56 8
5.57 12
5.59 14
5.63 10
5.64 20
5.66 20
5.67 10
5.68 12
5.69 12
5.71 8
5.74 2
5.77 4
5.79 2
5.83 16
5.84 4
5.85 10
5.87 10
5.88 8
5.89 12
5.92 8
5.97 8
6.0 8
6.04 16
6.05 2
6.07 6
6.08 2
6.13 2
6.17 8
6.21 2
6.22 12
6.24 2
6.26 2
6.29 12
6.32 12
6.33 8
6.34 2
6.35 2
6.36 4
6.37 8
6.39 2
6.47 14
6.48 16
6.49 12
6.5 8
6.56 12
6.58 2
6.61 2
6.63 4
6.64 8
6.66 2
6.71 8
6.75 2
6.76 8
6.77 2
6.78 8
6.8 4
6.81 2
6.82 8
6.84 2
6.85 8
6.88 12
6.89 12
6.91 2
6.96 2
6.97 2
6.99 2
7.0 2
7.03 12
7.05 4
7.06 12
7.07 2
7.08 8
7.09 4
7.1 8
7.15 2
7.17 2
7.25 2
7.26 16
7.28 4
7.29 8
7.31 4
7.32 8
7.35 6
7.36 2
7.43 8
7.45 8
7.46 4
7.47 4
7.51 2
7.52 8
7.53 8
7.56 10
7.58 16
7.59 2
7.6 2
7.62 2
7.63 2
7.64 8
7.67 12
7.68 8
7.69 6
7.7 2
7.72 10
7.76 2
7.77 14
7.79 4
7.8 14
7.81 4
7.83 10
7.84 2
7.86 2
7.87 2
7.88 2
7.89 2
7.92 6
7.93 8
7.96 6
7.98 16
7.99 8
8.01 10
8.02 4
8.03 4
8.04 2
8.05 6
8.08 12
8.1 4
8.11 2
8.13 4
8.14 8
8.16 2
8.18 4
8.19 12
8.2 12
8.21 2
8.23 2
8.24 4
8.25 2
8.26 6
8.27 2
8.29 12
8.3 8
8.33 2
8.37 6
8.38 2
8.42 2
8.43 8
8.44 8
8.46 18
8.49 12
8.5 2
8.53 2
8.61 2
8.62 6
8.63 8
8.65 8
8.66 2
8.69 8
8.72 4
8.74 8
8.75 8
8.76 2
8.79 10
8.83 2
8.85 2
8.87 2
8.88 2
8.91 2
8.95 2
8.96 2
9.0 2
9.02 2
9.03 2
9.06 8
9.07 2
9.09 2
9.1 4
9.12 10
9.14 14
9.16 2
9.18 4
9.22 2
9.23 10
9.24 10
9.25 8
9.26 2
9.27 2
9.28 4
9.29 4
9.3 8
9.31 10
9.33 2
9.34 4
9.35 2
9.4 2
9.41 10
9.42 4
9.44 2
9.5 8
9.53 6
9.56 2
9.57 2
9.58 8
9.6 6
9.65 4
9.67 2
9.68 2
9.72 2
9.73 4
9.74 2
9.78 2
9.8 2
9.82 2
9.91 4
9.92 4
9.97 2
9.98 6
9.99 2
10.01 2
10.03 4
10.05 2
10.07 2
10.09 8
10.11 2
10.13 2
10.15 2
10.17 2
10.19 4
10.2 2
10.21 2
10.23 2
10.25 2
10.26 8
10.27 2
10.28 6
10.29 2
10.3 10
10.31 4
10.32 4
10.35 6
10.38 4
10.4 8
10.41 8
10.43 4
10.44 2
10.45 2
10.48 4
10.5 2
10.57 2
10.62 2
10.63 6
10.66 4
10.69 4
10.71 2
10.75 2
10.78 4
10.8 4
10.82 2
10.83 2
10.84 2
10.86 2
10.9 2
10.91 2
10.93 4
10.96 8
10.98 2
10.99 2
11.01 6
11.02 10
11.06 2
11.09 2
11.1 2
11.11 6
11.12 2
11.13 4
11.14 4
11.2 4
11.22 2
11.23 2
11.24 4
11.25 4
11.26 2
11.27 2
11.29 6
11.31 2
11.33 2
11.34 4
11.35 2
11.36 2
11.37 2
11.38 2
11.4 4
11.42 2
11.48 2
11.49 2
11.5 2
11.54 6
11.55 4
11.61 2
11.62 2
11.63 2
11.66 2
11.68 2
11.7 4
11.71 2
11.72 4
11.76 4
11.77 4
11.79 2
11.8 2
11.81 4
11.82 4
11.83 6
11.85 2
11.86 4
11.9 2
11.91 4
11.95 4
11.96 2
11.97 2
11.98 2
11.99 2
12.01 2
12.03 2
12.07 2
12.08 2
12.1 2
12.11 2
12.12 2
12.14 2
12.15 2
12.16 2
12.18 2
12.2 4
12.21 2
12.23 2
12.25 2
12.29 2
12.3 2
12.31 2
12.38 2
12.39 2
12.42 2
12.46 2
12.54 2
12.59 2
12.62 2
12.64 2
12.71 4
12.72 2
12.73 2
12.79 2
12.81 2
12.84 2
12.92 2
12.95 2
12.98 2
12.99 2
13.0 2
13.08 2
13.09 6
13.1 6
13.12 2
13.13 4
13.14 2
13.15 2
13.23 2
13.34 2
13.36 4
13.38 2
13.39 2
13.42 4
13.44 2
13.45 2
13.57 2
13.59 2
13.63 2
13.64 6
13.76 2
13.8 2
13.86 4
13.92 2
13.95 2
14.1 2
14.13 2
14.14 4
14.2 2
14.22 2
14.26 4
14.29 2
14.3 2
14.32 2
14.33 4
14.35 4
14.42 2
14.43 2
14.51 2
14.55 2
14.56 2
14.62 4
14.65 2
14.74 2
14.78 2
14.8 2
14.89 2
14.91 2
15.03 2
15.04 2
15.05 2
15.06 2
15.16 2
15.27 2
15.33 4
15.34 2
15.41 4
15.44 2
15.46 2
15.48 2
15.79 2
15.96 4
15.97 2
16.01 2
16.19 2
16.25 2
16.33 2
16.43 2
16.55 2
16.7 2
16.82 4
17.07 2
17.79 2
17.89 2
17.93 2
18.3 2
18.58 2
18.72 2
18.84 2
19.66 2
