2.57 16
2.58 36
2.61 8
2.63 24
2.64 24
2.69 36
2.7 16
2.72 36
2.73 16
2.74 32
2.75 24
2.76 4
2.78 44
2.8 4
2.82 36
2.83 36
2.84 4
2.85 36
2.86 8
3.19 16
3.41 14
3.69 4
3.72 24
3.8 8
3.85 8
3.9 40
3.93 16
3.96 16
4.08 16
4.11 28
4.13 24
4.34 24
4.39 8
4.4 4
4.44 14
4.45 24
4.54 16
4.58 8
4.59 28
4.63 4
4.66 20
4.67 24
4.69 4
4.71 4
4.72 4
4.74 24
4.77 40
4.78 12
4.79 16
4.8 28
4.81 8
4.82 24
4.86 64
4.87 28
4.89 2
4.92 16
4.95 4
4.96 32
4.97 4
5.01 28
5.02 16
5.04 16
5.06 24
5.13 24
5.14 20
5.16 16
5.19 16
5.2 8
5.22 24
5.23 16
5.26 16
5.27 40
5.28 4
5.31 8
5.35 4
5.38 8
5.39 8
5.41 24
5.42 4
5.46 4
5.5 8
5.53 28
5.56 4
5.58 24
5.6 20
5.68 16
5.79 4
5.86 2
5.94 4
5.97 12
6.05 24
6.07 30
6.11 4
6.15 28
6.16 4
6.17 4
6.22 24
6.23 16
6.24 28
6.25 8
6.26 12
6.35 20
6.38 16
6.41 24
6.42 16
6.43 28
6.46 24
6.49 16
6.5 8
6.52 4
6.54 36
6.55 16
6.56 28
6.58 24
6.6 16
6.62 4
6.65 4
6.67 4
6.68 4
6.72 4
6.74 4
6.76 4
6.78 20
6.79 4
6.8 4
6.81 4
6.82 16
6.84 24
6.85 4
6.86 12
6.92 28
6.93 20
6.94 4
6.95 4
6.96 16
6.99 8
7.05 48
7.06 8
7.08 4
7.09 16
7.11 20
7.12 2
7.15 4
7.16 8
7.18 20
7.19 16
7.2 8
7.21 4
7.22 4
7.23 16
7.25 8
7.27 28
7.28 4
7.3 4
7.32 28
7.38 24
7.39 28
7.4 18
7.41 4
7.43 28
7.44 4
7.45 12
7.51 8
7.53 4
7.54 4
7.57 16
7.59 4
7.6 8
7.62 4
7.63 16
7.65 4
7.66 4
7.69 4
7.7 4
7.71 4
7.72 4
7.75 16
7.76 16
7.77 4
7.78 16
7.8 24
7.83 96
7.84 4
7.9 4
7.92 4
7.94 8
7.95 4
7.99 8
8.05 4
8.06 16
8.07 2
8.11 12
8.13 4
8.19 32
8.22 4
8.3 6
8.32 16
8.34 4
8.41 4
8.44 8
8.45 4
8.46 16
8.47 4
8.48 16
8.49 12
8.54 6
8.55 4
8.57 28
8.58 4
8.61 12
8.62 8
8.63 4
8.64 4
8.65 8
8.67 44
8.68 28
8.71 36
8.74 4
8.75 24
8.77 4
8.78 16
8.8 12
8.81 4
8.85 4
8.87 4
8.92 4
8.93 4
8.96 4
8.98 8
8.99 4
9.02 14
9.04 4
9.07 4
9.09 4
9.11 4
9.12 4
9.13 16
9.15 12
9.16 8
9.17 12
9.18 8
9.2 44
9.23 16
9.24 12
9.25 4
9.26 4
9.28 4
9.29 4
9.3 8
9.31 4
9.32 24
9.38 4
9.39 4
9.4 8
9.41 8
9.44 4
9.45 4
9.46 20
9.47 4
9.48 8
9.51 16
9.53 8
9.55 4
9.56 8
9.57 4
9.58 16
9.6 16
9.63 16
9.65 8
9.66 20
9.67 28
9.69 4
9.71 8
9.72 8
9.73 4
9.74 8
9.79 2
9.8 4
9.83 10
9.87 2
9.88 16
9.92 4
9.93 16
9.95 4
9.97 4
9.98 4
10.0 4
10.06 2
10.09 4
10.29 4
10.3 4
10.35 16
10.41 4
10.43 4
10.44 20
10.45 8
10.47 16
10.48 12
10.49 4
10.5 4
10.51 16
10.53 4
10.54 4
10.55 6
10.56 4
10.58 12
10.59 12
10.6 8
10.61 4
10.62 2
10.63 4
10.64 4
10.69 4
10.73 8
10.74 8
10.75 12
10.77 4
10.78 8
10.79 4
10.8 16
10.81 4
10.83 16
10.84 8
10.87 24
10.91 4
10.95 20
10.97 4
10.98 8
10.99 4
11.0 4
11.01 2
11.02 4
11.03 6
11.04 4
11.05 4
11.06 8
11.07 4
11.09 16
11.1 4
11.11 4
11.17 4
11.18 8
11.2 4
11.21 8
11.22 24
11.24 8
11.27 4
11.28 10
11.29 4
11.3 4
11.34 8
11.38 4
11.4 8
11.41 4
11.49 4
11.52 8
11.53 4
11.55 8
11.57 16
11.58 4
11.59 4
11.61 4
11.62 6
11.64 8
11.71 8
11.73 4
11.74 8
11.78 4
11.8 4
11.82 4
11.83 2
11.85 8
11.86 8
11.87 4
11.93 4
11.94 4
11.95 4
12.03 4
12.04 12
12.05 4
12.12 4
12.17 6
12.18 4
12.19 4
12.23 16
12.24 8
12.25 4
12.26 4
12.29 4
12.31 8
12.33 4
12.34 4
12.36 4
12.37 4
12.41 8
12.44 4
12.48 4
12.49 4
12.54 12
12.56 8
12.58 8
12.59 4
12.6 4
12.66 4
12.72 4
12.76 4
12.81 4
12.92 4
12.95 4
12.96 4
12.99 4
13.02 4
13.03 2
13.04 4
13.07 4
13.09 4
13.1 4
13.12 8
13.15 4
13.18 8
13.19 4
13.21 2
13.24 4
13.27 4
13.33 6
13.35 4
13.39 4
13.42 4
13.44 4
13.45 4
13.48 4
13.51 6
13.53 4
13.55 4
13.57 4
13.63 4
13.68 8
13.7 4
13.72 4
13.73 4
13.79 4
13.8 4
13.82 4
13.83 4
13.85 4
13.86 4
13.87 4
13.9 8
13.95 4
14.06 4
14.08 4
14.13 4
14.19 4
14.21 4
14.23 4
14.25 4
14.26 4
14.27 4
14.35 2
14.42 4
14.45 4
14.48 4
14.5 4
14.56 4
14.57 4
14.61 4
14.71 2
14.72 8
14.8 2
14.83 4
14.84 4
14.86 4
14.9 4
14.98 4
15.03 4
15.05 4
15.16 4
15.22 4
15.26 2
15.27 4
15.42 4
15.57 4
15.67 16
15.78 10
15.84 4
15.94 4
15.95 4
15.96 4
16.08 4
16.18 4
16.3 4
16.31 4
16.79 2
16.81 4
16.89 4
17.01 4
17.11 4
17.3 4
17.36 4
17.4 4
17.54 4
17.61 4
18.23 6
18.3 4
18.72 4
19.33 4
19.62 2
19.99 4
